32.78596687791044 34.151465284828966 35.33489723749168 35.741045481600786 36.82294037323623 39.41038479044851 41.4586324008263 43.797486082420086 45.572634011414166 47.55785861839571 50.04726725254718 
51.5458142221911 53.257939147788946 54.0072126326109 55.30618675816673 56.42309442946676 56.97979762613354 58.11421168726585 58.44333181611288 59.07006057210882 59.717796995903505 
61.11480690452015 61.31087847064178 61.83607016561045 62.38577080634432 62.4452925317741 63.31010818948916 63.296103077623336 63.78978327089388 64.26945835229859 64.77714365743496 
64.815657715066 65.30583663037008 65.3618570778334 66.100626728756 66.32120724064283 66.42274430167011 66.65032736948986 67.04947305766605 67.27005356955289 67.32957529498267 
67.44161618990931 67.34007912888204 67.78124015265571 68.30993312559085 68.4955008578131 69.05220405447989 68.88764399005638 68.91215293582158 69.02769510871468 69.20626028500402 
69.1922551731382 69.26578201043381 69.89251076642975 69.9205209901614 70.02555932915514 70.09908616645076 70.5262420783586 70.29515773257239 70.92888904450125 70.89037498687021 
71.16697594622038 71.17747978011974 71.24750533944889 71.44007562760407 71.78670214628339 71.9197507090088 72.23836700395644 72.23486572598999 72.24536955988935 72.46595007177619 
72.70403697349532 72.64451524806555 72.58849480060222 72.49746157347431 72.8055740345226 72.88260214978467 73.37628234305521 73.4182976786527 73.55484751934456 73.27124400406149 
73.77892930919786 73.85945870242638 73.62137180070725 74.03452260074927 73.76842547529849 74.20258394313925 74.40565806519379 74.22359161093799 74.1570673295753 74.38114911942858 
74.65775007877876 74.74878330590666 74.89233570253143 74.87132803473268 75.03938937712265 75.16193410594867 75.07440215678723 75.32649417037219 75.133923882217 75.35100311613739 
75.25996988900948 75.43503378733237 75.64160918735338 75.34049928223801 75.8972024789048 75.87969608907251 75.91821014670354 75.87619481110606 76.13879065859038 76.39788522810827 
76.16329960435559 75.76415391617941 76.61496446202864 76.54844018066595 76.68849129932426 76.34186478064494 76.38388011624242 76.84254752984839 76.72700535695529 77.22768810615875 
77.3642379468506 77.21368299429292 76.8670564756136 77.05962676376878 77.5463044011064 77.44826861804559 77.0911382654669 77.44826861804559 77.52529673330766 77.4307622282133 
77.9699590350478 77.89993347571864 77.29421238752144 77.65834529603305 77.97346031301424 77.96645775708133 77.69335807569763 77.74237596722804 78.49164945205 78.28857532999545 
77.93844753334967 78.3095829977942 78.50215328594938 78.20804593676692 78.5581737334127 79.0308462588845 78.7402401876685 78.6317005707083 78.5826826791779 78.54416862154686 
78.5581737334127 79.09386926228073 79.06585903854906 78.79976191309828 79.26193060467071 79.3109484962011 79.5525366758867 79.46850600469172 79.18140121144218 79.21991526907321 
79.46150344875879 79.55603795385316 79.70659290641083 79.73810440810895 79.44749833689296 79.82913763523686 79.8256363572704 80.15475648611744 79.77311718777354 80.04271559119078 
80.16526032001681 80.00070025559329 80.2317846013795 79.98669514372746 80.46286894716572 80.32281782850741 80.11974370645285 80.42085361156822 80.25279226917824 80.44186127936698 
80.22478204544659 80.66944434718673 80.23878715731242 80.40334722173593 80.35783060817198 80.56090473022654 80.64143412345506 80.90052869297294 80.50838556072966 80.69745457091838 
80.85501207940898 80.90402997093939 80.84800952347607 81.05458492349707 80.96705297433563 81.18763348622247 81.12811176079269 81.43622422184097 81.45373061167327 81.52025489303595 
81.4502293337068 81.32068204894787 81.25415776758517 81.4257203879416 81.25765904555162 81.46423444557263 81.92640313714506 81.70582262525822 81.40121144217639 81.81086096425196 
81.70932390322467 81.99992997444068 81.74433668288926 81.87038268968173 81.70582262525822 81.9229018591786 81.79685585238612 81.99992997444068 82.04894786597107 82.11547214733378 
82.11897342530024 82.2135079303946 82.06295297783691 82.31854626938832 82.43058716431497 82.38156927278456 82.26952837785792 82.3290501032877 82.1714925947971 82.42358460838206 
82.11897342530024 82.22401176429396 82.5111165575435 82.68968173383286 82.67917789993348 82.88575329995449 82.41308077448268 82.51811911347642 82.65817023213472 82.36056160498582 
82.75620601519554 82.25552326599208 82.67567662196701 82.53912678127517 82.81222646265887 82.78771751689366 82.68968173383286 82.77371240502784 82.8507405202899 