1.8880538309945 1.8834473435084025 1.8793586105770534 1.8612520345052084 1.828887571228875 1.8033682839075724 1.7707890876134236 1.740525630844964 1.7132067012786865 1.6925961875915527 1.6611960050794814 
1.6398729515075683 1.6173376570807563 1.5993080716662937 1.5740105205112034 1.5568152258131238 1.5369612577226426 1.5275375774171618 1.5149935526318021 1.498602689637078 1.4782269975874158 
1.4701889202329848 1.4557999081081814 1.4386411831114028 1.4325973918702868 1.4271188667085435 1.4103341738382975 1.39800828827752 1.3953910149468316 1.3879121054543389 1.3749607886208428 
1.3656803947024876 1.3539445633358425 1.357103952301873 1.349214440981547 1.3395553122626411 1.3393030834197999 1.3290470308727689 1.3187391810946993 1.3184647634294298 1.314600191116333 
1.295230851173401 1.3005386172400581 1.2923417149649725 1.288345096376207 1.2799628994199965 1.27547001891666 1.2737575493918525 1.2623629787233142 1.2568784443537395 1.2451004706488715 
1.2521919091542562 1.2438731262418958 1.2404894359906515 1.2339003091388279 1.23069009092119 1.2141958088344997 1.2256725533803303 1.2165688859091865 1.2073001050949097 1.1929639803038703 
1.1958188409275479 1.1868308737542894 1.1866245248582628 1.1886179354455737 1.1716284410158793 1.1684789609909059 1.168073572317759 1.1597074376212226 1.16608024570677 1.1568378082911173 
1.1473317514525518 1.1465635119544135 1.1414804898367987 1.1442174087630377 1.1333149327172174 1.1276945273081462 1.1296549677848815 1.1251695240868462 1.1214140436384412 1.1115662580066257 
1.1159727128346761 1.108004482322269 1.1062017597092522 1.109597197903527 1.0963464532958136 1.095669678317176 1.090005226135254 1.0900030257966784 1.0855540270275539 1.0799690458509656 
1.07727842675315 1.078449703057607 1.0748272400432164 1.070515596071879 1.0623649602466159 1.0633083987236023 1.058740623527103 1.0570924054251776 1.0561601180500455 1.0467165682050916 
1.0465670164426168 1.0470638460583157 1.0421047867669 1.0451339806450737 1.0352627200550504 1.0313717108302647 1.030723229514228 1.0317194644610088 1.0308981919288636 1.0223303718037076 
1.0244318175315856 1.0233598489231532 1.0167435998386807 1.006600199010637 1.0090694483121236 1.0046563990910848 0.9983731513553196 0.9980129467116462 0.9929742248853047 0.9895856923527188 
0.9948085888226827 0.9848220568233066 0.9848511732949151 0.9857521544562445 0.9753789271248712 0.9783755917019314 0.9753010151121352 0.9702694490220811 0.9713212593396505 0.9631588180859884 
0.9578335377905104 0.9585952864752876 0.9515715646743774 0.9568486409717136 0.9510080040825738 0.9466179980172051 0.9401701731152005 0.9452957635455661 0.9488626705275641 0.9366698050498963 
0.9329553463723924 0.93244435177909 0.929399889310201 0.9255678444438511 0.9220610035790338 0.9144646750556098 0.916651230653127 0.9146130228042603 0.9178029012680053 0.9067386317253113 
0.9044374934832256 0.9082273565398322 0.9039567067888048 0.9026104823748271 0.892696193324195 0.8887976066271464 0.8930114091767205 0.8837375219662984 0.8923712362183465 0.8801647363768683 
0.8734868796666463 0.8726873609754774 0.8810192738638983 0.8787203129132589 0.8643908352322048 0.8666244305504693 0.8567264840337965 0.8621702930662367 0.8600423330730862 0.8533189839786953 
0.8473607153362698 0.8477470225758023 0.8500610282686022 0.8456759134928385 0.8403228343857659 0.8361284671889411 0.8409790643056234 0.832114986313714 0.8345732980304295 0.8254324560695224 
0.8227206304338244 0.8148892145686679 0.8192605982886421 0.8217977004581027 0.8067739266819424 0.809252867963579 0.8088979493247138 0.800806548860338 0.8025044661098056 0.8063507334391276 
0.7979711185561286 0.79759886847602 0.7968548605177137 0.7912157132890489 0.7853701816664802 0.7914092874526978 0.7754645024405585 0.7818987570868599 0.7801476012335883 0.7746159386634827 
0.7758867269092136 0.7684102704789904 0.7614771437644958 0.7679442495769925 0.7583546611997817 0.7575076707204182 0.7568317755063375 0.7517895388603211 0.7568591435750326 0.7458282907803854 
0.7441378993458218 0.7452000665664673 0.7394600386089749 0.737534311082628 0.7422178837988112 0.7338884401321412 0.7299855275948842 0.7369248692194621 0.7304147775967916 0.7257370638847351 
0.7280915117263794 0.7268238682217069 0.723661490811242 0.7172683016459147 0.720594835281372 0.7141581569777594 0.71511862066057 0.7084880721569061 0.7050595169597201 0.7120728197362688 
0.7026596670680576 0.706366146935357 0.6997959367434183 0.7037660749753316 0.6892004368040296 0.6904471378856235 0.6972201283772786 0.6916273017724355 0.6856432722674476 0.6871654089291891 
0.6889152280489603 0.6804398655891418 0.6799840550952487 0.6903627321455214 0.682697131368849 0.6766929949654473 0.6794757114516364 0.6765155475669437 0.6676565884219275 